1
4
6
8
9
6
2
2
7
8
4
6
8
2
6
7
8
5
9
3
0
3
5
8
0
3
6
8
2
4
8
1
3
1
7
6
4
8
8
9
2
2
3
6
6
2
3
7
9
5
3
1
3
2
2
2
9
9
4
3
1
0
2
8
2
6
8
0
0
1
3
1
4
0
3
3
0
9
8
3
4
7
3
8
6
4
9
3
0
6
8
1
7
9
7
6
4
5
4
2
256
756
148
691
506
380
435
478
295
434
313
199
152
799
647
467
36
782
593
422
926
929
819
511
567
18
753
915
323
211
383
157
659
935
553
883
30
761
576
612
796
818
338
429
721
465
564
947
330
906
783
10
544
649
693
196
726
647
126
558
336
995
227
556
506
773
294
141
986
979
940
833
475
118
368
166
231
15
558
146
824
707
992
275
171
38
944
946
529
619
379
142
659
674
510
965
58
946
920
134
